Zeit [s]	Weg [mm]	Kraft [N]	Epsilon 0	Epsilon w	Sigma 0	Sigma w	Epsilon w Punkt	Temperatur [°C]	
0.24	2.9546998e-4	4.080	0	-3.8922959e-5	0	-0.198	-1.8551e-05	1099.97	
0.74	3.6588452e-4	10.200	0	-4.8198611e-5	0	-0.495	-1.1669e-05	1100.00	
1.24	3.8405601e-4	12.000	0	-5.0592319e-5	0	-0.582	1.2361e-05	1099.97	
1.74	2.7205232e-4	2.040	0	-3.5837953e-5	0	-0.099	3.4470e-04	1099.98	
2.24	-2.2320993e-3	-86.640	0	2.9410419e-4	0	4.201	9.9750e-04	1099.97	
2.74	-7.2962782e-3	-406.560	0	9.6166139e-4	0	19.700	1.2137e-03	1099.97	
3.24	-1.1437328e-2	-729.720	0	1.5078343e-3	0	35.341	6.7409e-04	1100.01	
3.74	-1.2406875e-2	-790.320	0	1.6357563e-3	0	38.272	1.6310e-04	1100.04	
4.24	-1.2673464e-2	-792.600	0	1.6709335e-3	0	38.381	6.2192e-05	1100.07	
4.74	-1.2878187e-2	-794.880	0	1.6979480e-3	0	38.490	4.2836e-05	1100.03	
5.24	-1.2998081e-2	-793.080	0	1.7137692e-3	0	38.402	3.2705e-05	1100.03	
5.74	-1.3126026e-2	-786.720	0	1.7306531e-3	0	38.094	3.1959e-05	1100.01	
6.24	-1.3240260e-2	-787.800	0	1.7457278e-3	0	38.145	2.5986e-05	1100.15	
6.74	-1.3322941e-2	-793.680	0	1.7566390e-3	0	38.430	1.5790e-05	1100.03	
7.99	-1.3449649e-2	-797.070	0	1.7733604e-3	0	38.593	1.3518e-05	1100.10	
9.99	-1.3655859e-2	-791.880	0	1.8005739e-3	0	38.341	1.0717e-05	1100.13	
11.99	-1.3774463e-2	-788.760	0	1.8162266e-3	0	38.189	9.8294e-06	1100.19	
15.49	-1.4065490e-2	-794.676	0	1.8546356e-3	0	38.474	9.4295e-06	1100.17	
22.99	-1.4560364e-2	-795.036	0	1.9199509e-3	0	38.489	6.0488e-06	1100.15	
32.99	-1.4867501e-2	-794.988	0	1.9604901e-3	0	38.485	3.3549e-06	1100.09	
52.99	-1.5322866e-2	-794.796	0	2.0205974e-3	0	38.474	2.5354e-06	1100.03	
82.99	-1.5827862e-2	-794.660	0	2.0872595e-3	0	38.464	1.4503e-06	1100.02	
127.99	-1.6146862e-2	-794.398	0	2.1293720e-3	0	38.450	9.4538e-07	1100.02	
187.99	-1.6579769e-2	-794.161	0	2.1865241e-3	0	38.436	9.5516e-07	1100.02	
277.99	-1.7232056e-2	-819.063	0	2.2726467e-3	0	39.638	7.2919e-07	1100.02	
397.99	-1.7739548e-2	-827.724	0	2.3396535e-3	0	40.055	5.5745e-07	1099.97	
532.99	-1.8308605e-2	-826.886	0	2.4147971e-3	0	40.011	3.1730e-07	1099.97	
743.11	-1.8568818e-2	-825.876	0	2.4491596e-3	0	39.961	2.4641e-07	1099.97	
1042.31	-1.9258920e-2	-824.702	0	2.5402977e-3	0	39.901	2.1985e-07	1099.91	
1342.31	-1.9566317e-2	-822.863	0	2.5808961e-3	0	39.810	7.1584e-08	1099.71	
1642.31	-1.9584121e-2	-821.959	0	2.5832480e-3	0	39.766	1.4781e-07	1099.63	
1942.31	-2.0237754e-2	-820.980	0	2.6695803e-3	0	39.715	1.7818e-07	1099.63	
2242.31	-2.0393546e-2	-819.694	0	2.6901587e-3	0	39.652	6.5608e-08	1099.62	
2542.31	-2.0535771e-2	-819.018	0	2.7089450e-3	0	39.619	1.6957e-07	1099.50	
2842.31	-2.1163733e-2	-818.579	0	2.7918978e-3	0	39.594	2.8808e-07	1099.31	
3142.31	-2.1844217e-2	-818.367	0	2.8817956e-3	0	39.580	1.7151e-07	1099.30	
3442.31	-2.1942692e-2	-817.829	0	2.8948064e-3	0	39.554	-9.4410e-08	1099.29	
3742.31	-2.1415442e-2	-817.150	0	2.8251496e-3	0	39.524	-4.2953e-08	1099.30	
4042.31	-2.1747627e-2	-815.946	0	2.8690348e-3	0	39.464	7.9157e-08	1099.63	
4401.51	-2.1810417e-2	-822.950	0	2.8773302e-3	0	39.802	1.1695e-08	1099.60	
4985.92	-2.1831159e-2	-821.722	0	2.8800706e-3	0	39.743	4.3275e-08	1099.31	
5585.92	-2.2198365e-2	-817.341	0	2.9285853e-3	0	39.529	1.0450e-07	1099.31	
6185.92	-2.2780248e-2	-815.334	0	3.0054672e-3	0	39.429	7.5450e-08	1099.29	
6785.92	-2.2883611e-2	-814.599	0	3.0191256e-3	0	39.393	-5.1895e-09	1099.29	
7385.92	-2.2733116e-2	-814.116	0	2.9992399e-3	0	39.370	4.8420e-08	1099.29	
8242.29	-2.3417273e-2	-814.554	0	3.0896428e-3	0	39.388	9.3087e-08	1099.29	
9440.59	-2.4180512e-2	-814.750	0	3.1905033e-3	0	39.393	4.7763e-08	1099.29	
10326.29	-2.4170508e-2	-814.224	0	3.1891814e-3	0	39.368	3.1194e-08	1099.30	
12416.38	-2.4882861e-2	-826.009	0	3.2833292e-3	0	39.934	4.4092e-08	1099.45	
16016.38	-2.6068685e-2	-827.761	0	3.4400684e-3	0	40.013	2.7422e-08	1099.99	
19616.38	-2.6376569e-2	-818.875	0	3.4807681e-3	0	39.581	5.2853e-09	1100.19	
23216.38	-2.6356554e-2	-813.990	0	3.4781223e-3	0	39.345	1.7756e-08	1100.67	
26816.38	-2.7343581e-2	-812.591	0	3.6086125e-3	0	39.273	3.2625e-08	1100.76	
30416.38	-2.8133262e-2	-797.908	0	3.7130200e-3	0	38.559	3.0698e-08	1100.65	
34016.38	-2.9015192e-2	-812.105	0	3.8296393e-3	0	39.240	3.1004e-08	1100.65	
37616.38	-2.9821335e-2	-812.091	0	3.9362510e-3	0	39.236	2.9173e-08	1100.67	
41216.38	-3.0603371e-2	-811.951	0	4.0396835e-3	0	39.225	2.8973e-08	1100.94	
44816.38	-3.1398477e-2	-812.080	0	4.1448560e-3	0	39.227	2.2097e-08	1100.98	
48416.38	-3.1806123e-2	-797.596	0	4.1987818e-3	0	38.525	1.7690e-08	1100.94	
52016.38	-3.2361270e-2	-797.072	0	4.2722255e-3	0	38.497	3.1666e-08	1100.95	
55616.38	-3.3529384e-2	-811.476	0	4.4267770e-3	0	39.187	2.4317e-08	1100.92	
59216.38	-3.3684564e-2	-783.338	0	4.4473106e-3	0	37.827	2.4746e-08	1100.95	
62816.38	-3.4875771e-2	-783.029	0	4.6049456e-3	0	37.806	2.6263e-08	1100.99	
66416.38	-3.5113478e-2	-798.201	0	4.6364046e-3	0	38.537	1.0474e-08	1101.13	
70016.38	-3.5445585e-2	-795.549	0	4.6803589e-3	0	38.408	1.6594e-08	1101.33	
73616.38	-3.6016149e-2	-807.940	0	4.7558783e-3	0	39.003	2.6346e-08	1101.12	
77216.38	-3.6878667e-2	-813.021	0	4.8700504e-3	0	39.244	2.1557e-08	1100.57	
80816.38	-3.7188680e-2	-813.807	0	4.9110894e-3	0	39.280	1.4546e-08	1100.65	
84416.38	-3.7669763e-2	-812.676	0	4.9747799e-3	0	39.223	1.9798e-08	1100.63	
88016.38	-3.8265353e-2	-810.844	0	5.0536342e-3	0	39.132	1.9185e-08	1100.34	
91616.38	-3.8713032e-2	-814.444	0	5.1129088e-3	0	39.303	1.7425e-08	1100.59	
95216.38	-3.9212887e-2	-796.781	0	5.1790970e-3	0	38.448	1.3886e-08	1100.65	
98816.38	-3.9468045e-2	-816.139	0	5.2128857e-3	0	39.381	1.7748e-08	1100.59	
102416.38	-4.0177808e-2	-813.553	0	5.3068795e-3	0	39.252	2.6887e-08	1100.59	
106016.38	-4.0929766e-2	-819.815	0	5.4064702e-3	0	39.551	2.7067e-08	1100.65	
109616.38	-4.1649177e-2	-829.273	0	5.5017610e-3	0	40.003	2.7828e-08	1100.60	
113216.38	-4.2442336e-2	-827.867	0	5.6068296e-3	0	39.931	2.7905e-08	1100.57	
116816.38	-4.3165831e-2	-836.915	0	5.7026789e-3	0	40.364	2.5636e-08	1100.56	
120416.38	-4.3835511e-2	-836.575	0	5.7914076e-3	0	40.344	1.9620e-08	1100.43	
124016.38	-4.4231998e-2	-817.832	0	5.8439438e-3	0	39.438	1.9608e-08	1100.31	
127616.38	-4.4900927e-2	-839.375	0	5.9325852e-3	0	40.473	1.8741e-08	1100.31	
131216.38	-4.5250250e-2	-839.123	0	5.9788783e-3	0	40.459	7.8468e-09	1100.31	
134816.38	-4.5327242e-2	-834.171	0	5.9890820e-3	0	40.220	2.1768e-08	1100.31	
138416.38	-4.6432820e-2	-836.608	0	6.1356111e-3	0	40.331	2.6817e-08	1100.31	
142016.38	-4.6784062e-2	-838.944	0	6.1821675e-3	0	40.442	1.3017e-08	1100.31	
145616.38	-4.7139864e-2	-828.937	0	6.2293307e-3	0	39.958	8.5148e-09	1100.27	
149216.38	-4.7246562e-2	-819.520	0	6.2434741e-3	0	39.503	8.2839e-09	1100.32	
152816.38	-4.7589798e-2	-816.616	0	6.2889750e-3	0	39.361	1.2867e-08	1100.40	
156416.38	-4.7945375e-2	-811.880	0	6.3361131e-3	0	39.131	1.8052e-08	1100.64	
160016.38	-4.8570165e-2	-809.729	0	6.4189475e-3	0	39.024	1.6152e-08	1100.40	
163616.38	-4.8822545e-2	-781.771	0	6.4524086e-3	0	37.676	1.7886e-08	1100.45	
167216.38	-4.9541400e-2	-819.885	0	6.5477245e-3	0	39.509	2.0095e-08	1100.65	
170816.38	-4.9913700e-2	-810.083	0	6.5970926e-3	0	39.035	1.3114e-08	1100.65	
174416.38	-5.0253444e-2	-815.697	0	6.6421462e-3	0	39.303	1.7441e-08	1100.65	
178016.38	-5.0860595e-2	-798.555	0	6.7226660e-3	0	38.474	1.6778e-08	1100.65	
181616.38	-5.1164315e-2	-808.027	0	6.7629464e-3	0	38.929	1.2767e-08	1100.64	
185216.38	-5.1553672e-2	-807.008	0	6.8145878e-3	0	38.878	1.2886e-08	1100.65	
188816.38	-5.1863819e-2	-805.403	0	6.8557251e-3	0	38.799	1.3364e-08	1100.65	
192416.38	-5.2279069e-2	-806.273	0	6.9108065e-3	0	38.839	2.0402e-08	1100.83	
196016.38	-5.2971208e-2	-813.602	0	7.0026220e-3	0	39.188	1.9363e-08	1100.87	
199616.38	-5.3329978e-2	-819.970	0	7.0502178e-3	0	39.493	2.0652e-08	1100.64	
203216.38	-5.4092010e-2	-823.479	0	7.1513190e-3	0	39.658	2.2278e-08	1100.47	
206816.38	-5.4538940e-2	-821.252	0	7.2106197e-3	0	39.548	1.8763e-08	1100.65	
210416.38	-5.5110116e-2	-826.356	0	7.2864109e-3	0	39.791	2.0978e-08	1100.65	
214016.39	-5.5677146e-2	-826.319	0	7.3616580e-3	0	39.786	1.9006e-08	1100.56	
217616.39	-5.6141259e-2	-821.970	0	7.4232518e-3	0	39.575	1.7351e-08	1100.42	
221216.39	-5.6618477e-2	-824.847	0	7.4865876e-3	0	39.711	1.6116e-08	1100.32	
224816.39	-5.7015511e-2	-824.409	0	7.5392863e-3	0	39.687	1.4382e-08	1100.31	
228416.39	-5.7398609e-2	-819.489	0	7.5901363e-3	0	39.449	2.0975e-08	1100.31	
232016.39	-5.8153217e-2	-821.074	0	7.6903071e-3	0	39.521	2.6923e-08	1100.31	
235616.39	-5.8858831e-2	-821.646	0	7.7839826e-3	0	39.545	1.6229e-08	1100.31	
239216.39	-5.9033392e-2	-816.551	0	7.8071593e-3	0	39.299	1.5574e-08	1100.32	
242816.39	-5.9703358e-2	-815.525	0	7.8961135e-3	0	39.246	1.9404e-08	1100.31	
246416.39	-6.0085599e-2	-815.590	0	7.9468672e-3	0	39.247	1.5066e-08	1100.31	
250016.39	-6.0520272e-2	-811.957	0	8.0045875e-3	0	39.070	1.9341e-08	1100.31	
253616.39	-6.1134249e-2	-809.760	0	8.0861229e-3	0	38.961	1.6155e-08	1100.31	
257216.39	-6.1396125e-2	-810.661	0	8.1209022e-3	0	39.003	1.3793e-08	1100.31	
260816.39	-6.1881996e-2	-808.559	0	8.1854327e-3	0	38.899	1.9997e-08	1100.31	
264416.39	-6.2480138e-2	-808.519	0	8.2648792e-3	0	38.894	1.9481e-08	1100.31	
268016.39	-6.2938003e-2	-784.988	0	8.3256981e-3	0	37.760	1.4275e-08	1100.31	
271616.39	-6.3253857e-2	-810.828	0	8.3676563e-3	0	39.001	1.2820e-08	1100.31	
275216.39	-6.3632846e-2	-806.378	0	8.4180032e-3	0	38.785	1.7754e-08	1100.31	
278816.39	-6.4216053e-2	-809.649	0	8.4954850e-3	0	38.940	2.2144e-08	1100.31	
282416.39	-6.4832881e-2	-806.100	0	8.5774381e-3	0	38.766	1.7568e-08	1100.31	
286016.39	-6.5168077e-2	-804.604	0	8.6219768e-3	0	38.692	1.1465e-08	1100.31	
289616.39	-6.5454113e-2	-810.523	0	8.6599845e-3	0	38.975	1.7838e-08	1100.31	
293216.39	-6.6134581e-2	-809.911	0	8.7504099e-3	0	38.942	1.5107e-08	1100.31	
296816.39	-6.6272612e-2	-804.501	0	8.7687538e-3	0	38.681	1.9332e-08	1100.31	
300416.39	-6.7181909e-2	-808.548	0	8.8896019e-3	0	38.871	2.2763e-08	1100.30	
304016.39	-6.7505754e-2	-809.661	0	8.9326462e-3	0	38.923	1.1425e-08	1100.28	
307616.39	-6.7800792e-2	-805.409	0	8.9718621e-3	0	38.717	1.6942e-08	1100.30	
311216.39	-6.8423429e-2	-792.514	0	9.0546275e-3	0	38.094	1.7906e-08	1100.30	
314816.39	-6.8770622e-2	-807.215	0	9.1007820e-3	0	38.799	1.1769e-08	1100.30	
318416.39	-6.9060859e-2	-804.398	0	9.1393670e-3	0	38.662	1.3217e-08	1100.30	
322016.39	-6.9486434e-2	-804.203	0	9.1959468e-3	0	38.651	2.0084e-08	1100.31	
325616.39	-7.0148503e-2	-809.340	0	9.2839741e-3	0	38.894	2.3850e-08	1100.28	
329216.39	-7.0777929e-2	-808.365	0	9.3676683e-3	0	38.844	2.2760e-08	1100.31	
332816.39	-7.1380864e-2	-802.773	0	9.4478461e-3	0	38.572	1.7429e-08	1100.31	
336416.39	-7.1721599e-2	-808.826	0	9.4931605e-3	0	38.861	1.3948e-08	1100.31	
340016.39	-7.2136013e-2	-813.707	0	9.5482749e-3	0	39.094	1.8316e-08	1100.31	
343616.39	-7.2713166e-2	-816.153	0	9.6250384e-3	0	39.208	2.5120e-08	1100.31	
347216.39	-7.3495798e-2	-818.661	0	9.7291419e-3	0	39.325	2.1571e-08	1100.29	
350816.39	-7.3880719e-2	-818.157	0	9.7803462e-3	0	39.298	1.6588e-08	1100.30	
354416.39	-7.4393616e-2	-814.893	0	9.8485791e-3	0	39.139	2.0295e-08	1100.30	
358016.39	-7.4979048e-2	-815.674	0	9.9264670e-3	0	39.173	1.8046e-08	1100.27	
361616.39	-7.5370184e-2	-812.696	0	9.9785082e-3	0	39.028	1.6645e-08	1100.29	
365216.39	-7.5879729e-2	-809.997	0	1.0046309e-2	0	38.896	1.9180e-08	1100.31	
368816.39	-7.6407983e-2	-810.769	0	1.0116604e-2	0	38.930	1.5967e-08	1100.29	
372416.39	-7.6743659e-2	-808.814	0	1.0161274e-2	0	38.835	9.2841e-09	1100.27	
376016.39	-7.6910278e-2	-807.732	0	1.0183449e-2	0	38.782	1.8772e-08	1100.30	
379616.39	-7.7759193e-2	-807.644	0	1.0296431e-2	0	38.773	2.0517e-08	1100.30	
383216.39	-7.8020227e-2	-807.974	0	1.0331175e-2	0	38.788	1.9565e-08	1100.30	
386816.39	-7.8817489e-2	-805.738	0	1.0437299e-2	0	38.676	1.4454e-08	1100.28	
390416.39	-7.8802072e-2	-803.993	0	1.0435247e-2	0	38.593	9.9533e-09	1100.23	
394016.39	-7.9355824e-2	-803.085	0	1.0508963e-2	0	38.546	1.7931e-08	1100.31	
397616.39	-7.9771890e-2	-801.733	0	1.0564354e-2	0	38.479	2.0291e-08	1100.47	
401216.39	-8.0453149e-2	-800.082	0	1.0655056e-2	0	38.396	1.6563e-08	1100.64	
404816.39	-8.0667595e-2	-801.202	0	1.0683610e-2	0	38.449	9.5460e-09	1100.61	
408416.39	-8.0969337e-2	-801.135	0	1.0723788e-2	0	38.444	1.8523e-08	1100.54	
412016.39	-8.1669142e-2	-800.570	0	1.0816974e-2	0	38.414	2.7224e-08	1100.47	
415616.39	-8.2441284e-2	-801.293	0	1.0919804e-2	0	38.444	1.7825e-08	1100.34	
419216.39	-8.2632846e-2	-790.587	0	1.0945317e-2	0	37.930	8.5707e-09	1100.42	